150
19701120
19710124
19710127
19710203
19710210
19710225
19710301
19711208
19711227
19720122
19720201
19721112
19721124
19721202
19730315
19730408
19731030
19731103
19731226
19740108
19740128
19740220
19740302
19740314
19740321
19740411
19740515
19741112
19741129
19750123
19750223
19750331
19751107
19751128
19751218
19760130
19760302
19760408
19760424
19760516
19761127
19770107
19770126
19770315
19770330
19771109
19771203
19771206
19780111
19780117
19780123
19790403
19790804
19791205
19800109
19801023
19801211
19810606
19811125
19820102
19820108
19820120
19820129
19820403
19821103
19821226
19840225
19840427
19850118
19850301
19851125
19851129
19860106
19860428
19860428
19860912
19861001
19880110
19880619
19880714
19881107
19890205
19890315
19891011
19901103
19910325
19910427
19911130
19911211
19920429
19920808
19921110
19921208
19921223
19930209
19930301
19930311
19931015
19940220
19941103
19941119
19941221
19950103
19951108
19960125
19960301
19960518
19961105
19970219
19971208
19980112
19980318
19980904
19990101
19990111
19990303
19991101
20000510
20001203
20001215
20010207
20010404
20010617
20020129
20020307
20021230
20030202
20030401
20030404
20030414
20031110
20031125
20041220
20050330
20050926
20060203
20060214
20060312
20061026
20061129
20070106
20070315
20071124
20080106
20080127
20080203
20080305
20080912
20081225
20091208